    9.845592    0.000000
   13.941008  188.767276
   17.095435   51.212299
   19.764818    0.000000
   22.125555    0.000000
   24.268012    0.000009
   28.093879   93.494947
   29.836426   22.919037
   29.836426   22.919037
   31.491083  101.702958
   33.071147   46.821843
   34.586942  153.635294
   36.046674  313.971136
   37.456993  141.311088
   40.150414   91.972995
   41.441965    0.919854
   41.441965    0.919854
   42.701347   10.181008
   42.701347   10.181008
   43.931417   17.869149
   45.134660   45.128804
   46.313259    0.000000
   47.469138   55.362752
   49.719399   47.605628
   50.816679    8.461265
   50.816679    8.461265
   51.897091   15.582990
   51.897091   15.582990
   52.961756    3.599018
   52.961756    3.599018
   55.047841   10.175665
   55.047841   10.175665
   56.071051    0.000000
   58.081751   46.842240
   59.070642    0.000000
   59.070642    0.000000
   60.049409    5.690602
   60.049409    5.690602
   61.018634   47.879886
   61.978861    6.848518
   61.978861    6.848518
   62.930598   15.467748
   63.874323   15.357068
   63.874323   15.357068
   65.739504   16.236135
   66.661783    4.443172
   66.661783    4.443172
   66.661783    4.443172
   67.577701   26.094933
   68.487616    0.000000
   69.391870   52.199770
   70.290789   12.327563
   70.290789   12.327563
   71.184683   18.054677
   72.958574    0.000000
   73.839130   15.732324
   73.839130   15.732324
   74.715783    0.000000
   74.715783    0.000000
   74.715783    0.000000
   75.588784    6.093231
   75.588784    6.093231
   76.458380   30.851456
   77.324808   14.946046
   77.324808   14.946046
   78.188300    6.009313
   78.188300    6.009313
   78.188300    6.009313
   79.907362    0.000000
   80.763363    0.000000
   80.763363    0.000000
   81.617289    4.533445
   82.469343    3.712804
   82.469343    3.712804
   84.168632    9.524208
   84.168632    9.524208
   85.016255    0.000000
   85.016255    0.000000
   86.708415   21.216551
   87.553325   13.756764
   87.553325   13.756764
   87.553325   13.756764
   88.397703    4.471541
   88.397703    4.471541
   88.397703    4.471541
   89.241735   30.947604
   90.085597    0.000000
   90.085597    0.000000
